382066 925142
497505 597773
53597 14209
797199 106830
706116 970126
59417 39451
165040 332423
887040 818379
461391 665707
657171 233712
56197 380991
439160 382373
289644 850976
420646 920082
628519 836741
142237 639552
706641 181451
751740 932076
957425 541805
95332 52337
70061 213718
304611 708037
683746 202997
5372 661882
519325 538405
387800 757682
114347 965321
652511 65844
973808 180200
852964 816714
492262 832564
655697 33135
335259 153348
936700 793389
558520 789712
563038 561198
60576 563085
453126 832658
191759 147087
189158 711309
212541 359148
376275 318394
389662 82739
954694 398062
39589 939075
982965 178101
794360 335117
382545 895890
254942 444567
91566 258025
503570 556152
876309 726631
741975 571109
920199 465183
385985 652387
873779 581199
19967 510191
717537 795293
708260 710880
807309 212477
296232 456134
657878 810346
97578 793865
255641 142914
383912 950355
66781 872106
248861 584820
34947 25055
95223 250207
947386 622851
890421 961166
986556 280294
165070 132471
286251 995794
393957 77114
614646 358557
91193 262217
29824 72769
447695 855960
366650 537434
977202 234570
360909 853429
357555 298138
575435 822037
163157 462674
793146 173947
500424 535729
168583 670047
853038 162526
355536 735465
15453 853684
574733 638751
627184 527814
401715 894018
148270 57117
498410 894399
92425 44333
895407 973993
478899 548531
83250 933051
656170 190468
708668 668474
132035 124177
833885 705689
650851 34710
782471 858364
399565 805226
66875 306357
984389 121262
637027 306508
496812 737319
495810 56550
749197 720566
830797 17491
472177 727388
931825 143183
338327 262569
511284 77055
267634 630662
73031 477138
115065 914593
737536 724595
204043 452104
893955 336543
303120 434737
615092 917225
950411 380418
504609 588252
951190 752292
922465 861271
62073 11262
467077 42811
977186 863875
851088 824565
746510 931753
383060 506456
485751 880648
131003 701938
299954 66608
322450 963316
354039 814947
104839 389137
533926 877367
304369 210917
964077 949888
878469 272306
814009 790107
834303 684264
975967 568927
686641 473520
799686 271473
251572 906665
37502 787414
376885 908837
852074 524110
599217 837610
949803 119912
590730 996296
583786 552426
723851 801972
286787 41299
613106 866081
279829 271311
641802 472078
423368 820565
726701 129158
916122 927661
339551 725918
383761 243103
342343 187254
289267 637144
43081 828126
118010 999858
103480 153126
419293 503649
130487 245463
347495 152492
398291 925485
443890 296911
373430 934
663004 293723
241179 661797
619702 675856
547843 339586
164660 71505
992020 603041
505871 827003
371926 403216
839352 601513
878895 937285
746111 285685
391701 845678
266859 307435
402945 290073
668559 993046
567291 165254
699169 749104
943496 185180
224737 66007
29680 168669
123050 40837
976340 618728
852684 567538
782207 275953
824594 812380
707762 748549
615438 544085
620227 612927
534206 470365
422318 676505
113755 477244
61068 548366
311765 929764
360450 853198
829983 750068
738139 432793
337031 428598
699406 583853
816427 972450
630676 313045
436309 919249
657035 295115
381573 306176
261620 249003
512214 275958
704358 721109
810867 116434
334123 195186
214810 788193
440848 887461
310848 175448
335987 520659
232255 474723
664759 242816
175592 679457
325913 456217
118495 133473
241007 16901
281256 404463
472992 453531
648423 811511
574816 873456
570990 611807
416663 264766
375819 111304
538759 98178
154995 767019
341406 92279
828408 91471
621112 498198
